403110334001010313044031113314410411111444403440
113033041111004311040333041134033333141411434133
344134043104434403410043300344113304111441030140
134314303403414000440343110011434431131431344133
144031431134303010144400441300130334014014311401
440043030413304134114433430443340314014444041100
303440441030310300011303444000010313113134013411
343344441341030144433314001040430440430344431310
343411034401300011433310111100443331011403004444
144344113114411004340100331013341003034403443131
010014044444140103340334110441311300110100333104
100043300300404401313100010031433113113414404340
311131114300013141014033001444004111131433343014
111043334044031044411044014311100430300003414001
404010101100014004130010011114144440140301014114
343113443003000403110040003311040144131401331133
133444411010014030034000030310114333304441131344
114404411301313300013404034304401301410030100034
143131433040304133001314133111034103100011433313
311314041314040031300034301131003110401433304131
010011401344410010004130411133434013401433144431
104414433114101441131330314403404304434001441430
401313344104340433434440433040300413044114131344
004441100444014131341400410141404340044340001443
040304414334314040410414340344133413311431331110
303341314014313111414430044330033000414114144131
111040441114011001114410341440331140144001411300
134034141301300134403034033031110334403014033434
134343011041444413141011000334314014334011440334
044341111314333043343134333413131014344000133441
411401431441344430404301404404100441114431441313
313344441040030301101343340410304141431100101100
013000030014443411114444330043011111134113140331
011404004313434314103044344033130400414410030030
441401301141401310140404114141111014033433431310
441401301141401310140404114141111014033433431310
441401301141401310140404114141111014033433431310
441401301141401310140404114141111014033433431310
441401301141401310140404114141111014033433431310
311443444111144413400404114144130140303403143443
341444041013343413410314003330314140341444400140
441111313401130410440001043413444044344444433331
313441411101030001100030041033440330140400043013
430303104410034004144330114333040433103041444133
003414300414001440301410303134334100114044341411
004114334003104434443410414301434340343401141444
444334310041040303344401333103014114411010103101
334140133331304130143413301331041111130030403104
043413011103434440303044044001034341344100403400
000433301301113110111434140001334133100110411033
403043314401310003113330400040131103444444011330
334034000013300300300000403040010001410143134344
